0.187119 0.675357 -0.137244 0.282657 0.159395 -0.021117 -0.154059 -0.114922 0.588617 -0.0297569 
0.336014 -0.00240641 0.477757 0.262673 0.266662 0.210678 0.418728 0.460988 0.0309332 0.292484 
-0.389029 0.303148 0.160129 -0.395879 -0.434704 0.423843 0.213223 -0.0226785 0.204942 0.34323 
0.482157 0.195408 0.130786 -0.245496 -0.204942 -0.199987 0.532698 -0.446329 -0.141573 -0.25875 
0.241526 -0.618542 -0.139177 -0.134071 -0.0198324 0.0579532 0.0840142 -0.203615 0.663223 0.172021 
0.0949262 0.0593458 0.263451 -0.374074 -0.244533 -0.624891 -0.21363 0.481488 0.224347 -0.00666244 
-0.450942 0.00876533 -0.150462 -0.221598 0.458605 -0.113617 0.495299 0.193602 0.223009 -0.411177 
-0.323541 -0.0645068 0.689596 0.0634531 0.28467 -0.21452 -0.151569 -0.497943 0.0893069 0.0750999 
0.15664 -0.0687872 0.338057 -0.143048 -0.0638023 0.510117 -0.299667 0.112182 0.12161 -0.674183 
-0.261445 -0.136817 0.0944773 0.634523 -0.562939 -0.150122 0.246802 0.0570555 0.166839 -0.26447 
